                0.               133.333E-03          0.                 0.         
                1.E-03             2.67423E+03      668.591E-06          1.33718    
                2.E-03             2.53251E+03        3.30746E-03        3.94055    
                3.E-03             2.7894E+03         8.57849E-03        6.60151    
                4.E-03          -489.89              15.7549E-03         7.75127    
                5.E-03            -2.32657E+03       22.802E-03          6.34304    
                6.E-03            -3.02912E+03       27.8061E-03         3.66519    
                7.E-03            -2.2884E+03        30.1419E-03         1.00643    
                8.E-03           111.724             30.6042E-03       -81.9049E-03 
                9.E-03             2.81166E+03       31.2532E-03         1.37979    
               10.E-03             2.44871E+03       33.948E-03          4.00997    
               11.E-03             2.69629E+03       39.2443E-03         6.58247    
               12.E-03          -879.053             46.281E-03          7.49109    
               13.E-03            -2.4336E+03        52.944E-03          5.83477    
               14.E-03            -2.94826E+03       57.4333E-03         3.14384    
               15.E-03            -2.43359E+03       59.2316E-03       452.918E-03  
               16.E-03           758.475             59.2658E-03      -384.637E-03  
               17.E-03             2.42697E+03       59.6775E-03         1.20809    
               18.E-03             2.79816E+03       62.1919E-03         3.82065    
               19.E-03             2.27722E+03       67.2814E-03         6.35834    
               20.E-03            -1.13396E+03       73.9255E-03         6.92997    
               21.E-03            -2.43569E+03       79.9631E-03         5.14514    
               22.E-03            -3.14041E+03       83.7142E-03         2.35709    
               23.E-03            -2.13027E+03       84.7536E-03      -278.248E-03  
               24.E-03           911.942             84.1708E-03      -887.412E-03  
               25.E-03             2.50928E+03       84.1387E-03       823.2E-03    
               26.E-03             2.72767E+03       86.2711E-03         3.44168    
               27.E-03             2.18138E+03       90.9401E-03         5.8962     
               28.E-03            -1.64349E+03       96.9708E-03         6.16515    
               29.E-03            -2.20681E+03      102.173E-03          4.24       
               30.E-03            -3.47453E+03      104.993E-03          1.39933    
               31.E-03            -1.72939E+03      105.091E-03         -1.20263    
               32.E-03             1.10943E+03      103.734E-03         -1.51261    
               33.E-03             2.37375E+03      103.092E-03        228.98E-03   
               34.E-03             3.03592E+03      104.673E-03          2.93382    
               35.E-03             1.54834E+03      108.753E-03          5.22595    
               36.E-03            -1.53576E+03      113.982E-03          5.23223    
               37.E-03            -2.54682E+03      118.194E-03          3.19094    
               38.E-03            -3.29629E+03      119.924E-03        269.393E-03  
               39.E-03            -1.66158E+03      118.954E-03         -2.20954    
               40.E-03             1.50892E+03      116.706E-03         -2.28587    
               41.E-03             2.15322E+03      115.336E-03       -454.801E-03  
               42.E-03             3.32042E+03      116.25E-03           2.28202    
               43.E-03             1.01E+03         119.614E-03          4.44722    
               44.E-03            -1.60459E+03      123.913E-03          4.14993    
               45.E-03            -2.55303E+03      127.023E-03          2.07112    
               46.E-03            -3.55632E+03      127.567E-03       -983.555E-03  
               47.E-03          -975.682            125.45E-03          -3.24955    
               48.E-03             1.2096E+03       122.259E-03         -3.13259    
               49.E-03             2.64025E+03      120.089E-03         -1.20767    
               50.E-03             2.96275E+03      120.282E-03          1.59383    
               51.E-03           950.41             122.854E-03          3.55042    
               52.E-03            -1.94271E+03      126.157E-03          3.05426    
               53.E-03            -2.44135E+03      128.115E-03        862.235E-03  
               54.E-03            -3.7389E+03       127.432E-03         -2.22789    
               55.E-03          -439.386            124.16E-03          -4.31703    
               56.E-03             1.15748E+03      120.022E-03         -3.95798    
               57.E-03             2.78923E+03      117.051E-03         -1.98462    
               58.E-03             3.03204E+03      116.522E-03        926.012E-03  
               59.E-03           342.834            118.291E-03          2.61345    
               60.E-03            -1.61288E+03      120.587E-03          1.97843    
               61.E-03            -3.00984E+03      121.41E-03        -332.935E-03  
               62.E-03            -3.22954E+03      119.517E-03         -3.45262    
               63.E-03          -437.995            115.148E-03         -5.28639    
               64.E-03             1.46255E+03      110.118E-03         -4.77411    
               65.E-03             2.78685E+03      106.406E-03         -2.64941    
               66.E-03             3.0464E+03       105.215E-03        267.218E-03  
               67.E-03           -72.9449           106.225E-03          1.75395    
               68.E-03            -1.54102E+03      107.576E-03        946.964E-03  
               69.E-03            -3.23247E+03      107.329E-03         -1.43978    
               70.E-03            -3.065E+03        104.315E-03         -4.58852    
               71.E-03            -5.36631           98.9591E-03        -6.1237     
               72.E-03             1.28115E+03       93.1543E-03        -5.48581    
               73.E-03             3.30918E+03       88.8161E-03        -3.19064    
               74.E-03             2.52185E+03       87.0832E-03      -275.131E-03  
               75.E-03           -29.733             87.4311E-03       970.925E-03  
               76.E-03            -1.75489E+03       87.9559E-03        78.6154E-03 
               77.E-03            -3.3359E+03        86.7618E-03        -2.46678    
               78.E-03            -2.76888E+03       82.7688E-03        -5.51917    
               79.E-03           155.157             76.5962E-03        -6.82604    
               80.E-03             1.4768E+03        70.1781E-03        -6.01006    
               81.E-03             3.40888E+03       65.3895E-03        -3.56722    
               82.E-03             2.38996E+03       63.272E-03       -667.799E-03  
               83.E-03          -357.597             63.1123E-03       348.381E-03  
               84.E-03            -1.59422E+03       62.9727E-03      -627.53E-03   
               85.E-03            -3.77183E+03       61.0037E-03        -3.31056    
               86.E-03            -2.11928E+03       56.2203E-03        -6.25611    
               87.E-03            45.1555            49.4457E-03        -7.29317    
               88.E-03             1.82016E+03       42.6189E-03        -6.36052    
               89.E-03             3.52663E+03       37.595E-03         -3.68712    
               90.E-03             2.0064E+03        35.2912E-03      -920.602E-03  
               91.E-03          -240.198             34.8121E-03       -37.4996E-03 
               92.E-03            -1.99935E+03       34.2147E-03        -1.15727    
               93.E-03            -3.55342E+03       31.6693E-03        -3.93366    
               94.E-03            -2.06475E+03       26.3311E-03        -6.74275    
               95.E-03           472.82              19.1903E-03        -7.53871    
               96.E-03             1.71082E+03       12.1975E-03        -6.44689    
               97.E-03             3.9956E+03         7.17726E-03       -3.59368    
               98.E-03             1.31557E+03        4.91137E-03     -938.096E-03  
               99.E-03           106.466              4.32878E-03     -227.076E-03  
              100.E-03            -2.51296E+03        3.50008E-03       -1.43032    
              101.E-03            -3.35044E+03      603.911E-06         -4.36202    
              102.E-03            -1.76464E+03       -5.03688E-03       -6.91956    
              103.E-03           453.625            -12.2842E-03        -7.57507    
              104.E-03             2.21903E+03      -19.1911E-03        -6.23874    
              105.E-03             3.71261E+03      -23.9469E-03        -3.27292    
              106.E-03             1.36653E+03      -25.9501E-03      -733.349E-03  
              107.E-03          -228.851            -26.399E-03       -164.508E-03  
              108.E-03            -2.44796E+03      -27.2327E-03        -1.50292    
              109.E-03            -3.57031E+03      -30.2402E-03        -4.51205    
              110.E-03            -1.12641E+03      -35.9264E-03        -6.86042    
              111.E-03           191.023            -43.0207E-03        -7.32811    
              112.E-03             2.87007E+03      -49.5835E-03        -5.79756    
              113.E-03             3.36183E+03      -53.8231E-03        -2.68161    
              114.E-03             1.313E+03        -55.336E-03       -344.193E-03  
              115.E-03          -293.555            -55.4253E-03       165.53E-03   
              116.E-03            -2.81844E+03      -56.0378E-03        -1.39047    
              117.E-03            -3.19514E+03      -58.9317E-03        -4.39726    
              118.E-03            -1.11833E+03      -64.4073E-03        -6.55399    
              119.E-03           521.617            -71.1105E-03        -6.85235    
              120.E-03             3.02077E+03      -77.0772E-03        -5.08116    
              121.E-03             3.32214E+03      -80.5727E-03        -1.9097     
              122.E-03             1.06842E+03      -81.3847E-03       285.576E-03  
              123.E-03          -296.743            -80.9062E-03       671.414E-03  
              124.E-03            -3.15894E+03      -81.0987E-03        -1.05643    
              125.E-03            -2.89068E+03      -83.6676E-03        -4.08124    
              126.E-03          -953.808            -88.7099E-03        -6.00349    
              127.E-03           596.145            -94.8028E-03        -6.18232    
              128.E-03             3.51423E+03      -99.9576E-03        -4.12713    
              129.E-03             2.79645E+03     -102.507E-03       -971.786E-03  
              130.E-03             1.33286E+03     -102.446E-03          1.09287    
              131.E-03          -796.853           -101.22E-03           1.36088    
              132.E-03            -3.10633E+03     -100.835E-03       -590.71E-03   
              133.E-03            -2.78183E+03     -102.897E-03         -3.53479    
              134.E-03          -784.806           -107.324E-03         -5.3181     
              135.E-03           837.003           -112.629E-03         -5.292      
              136.E-03             3.68001E+03     -116.792E-03         -3.03349    
              137.E-03             2.63221E+03     -118.247E-03        122.621E-03  
              138.E-03             1.1611E+03      -117.176E-03          2.01928    
              139.E-03          -839.399           -115.076E-03          2.18013    
              140.E-03            -3.54997E+03     -113.993E-03        -14.5588E-03 
              141.E-03            -2.10528E+03     -115.422E-03         -2.84219    
              142.E-03            -1.21376E+03     -119.094E-03         -4.50171    
              143.E-03             1.64687E+03     -123.487E-03         -4.28516    
              144.E-03             3.33484E+03     -126.527E-03         -1.7943     
              145.E-03             2.76158E+03     -126.797E-03          1.25391    
              146.E-03           888.653           -124.631E-03          3.07902    
              147.E-03            -1.02917E+03     -121.587E-03          3.00876    
              148.E-03            -3.64211E+03     -119.746E-03        673.123E-03  
              149.E-03            -1.89558E+03     -120.457E-03         -2.09572    
              150.E-03            -1.10868E+03     -123.304E-03         -3.59786    
              151.E-03             1.887E+03       -126.707E-03         -3.2087     
              152.E-03             3.52547E+03     -128.563E-03       -502.461E-03  
              153.E-03             2.29985E+03     -127.609E-03          2.4102     
              154.E-03             1.18933E+03     -124.326E-03          4.15479    
              155.E-03            -1.80168E+03     -120.325E-03          3.84862    
              156.E-03            -3.19479E+03     -117.725E-03          1.35039    
              157.E-03            -2.08888E+03     -117.696E-03         -1.29145    
              158.E-03          -789.496           -119.707E-03         -2.73063    
              159.E-03             2.12258E+03     -122.104E-03         -2.06409    
              160.E-03             3.45962E+03     -122.773E-03        727.012E-03  
              161.E-03             2.21832E+03     -120.626E-03          3.56598    
              162.E-03           987.628           -116.259E-03          5.16896    
              163.E-03            -2.06587E+03     -111.359E-03          4.62984    
              164.E-03            -3.21389E+03     -108.049E-03          1.98995    
              165.E-03            -1.84765E+03     -107.325E-03       -540.818E-03  
              166.E-03          -868.199           -108.545E-03         -1.89874    
              167.E-03             2.7095E+03      -109.983E-03       -978.09E-03   
              168.E-03             3.03685E+03     -109.525E-03          1.89509    
              169.E-03             2.37771E+03     -106.276E-03          4.60236    
              170.E-03           645.116           -100.918E-03          6.11378    
              171.E-03            -2.37672E+03      -95.2369E-03         5.24797    
              172.E-03            -2.9733E+03       -91.3265E-03         2.57296    
              173.E-03            -2.02704E+03      -90.0036E-03        72.7955E-03 
              174.E-03          -417.917            -90.542E-03         -1.14968    
              175.E-03             2.72484E+03      -91.115E-03          3.78269E-03
              176.E-03             3.08817E+03      -89.6579E-03         2.91029    
              177.E-03             2.12611E+03      -85.4441E-03         5.51743    
              178.E-03           576.135            -79.2511E-03         6.86856    
              179.E-03            -2.87074E+03      -72.9562E-03         5.72125    
              180.E-03            -2.60576E+03      -68.604E-03          2.983      
              181.E-03            -2.24968E+03      -66.8349E-03       555.283E-03  
              182.E-03           -14.489            -66.8457E-03      -576.802E-03  
              183.E-03             2.89579E+03      -66.7021E-03       863.847E-03  
              184.E-03             2.78224E+03      -64.4188E-03         3.70286    
              185.E-03             2.35956E+03      -59.4305E-03         6.27377    
              186.E-03          -122.75             -52.5975E-03         7.39217    
              187.E-03            -2.68851E+03      -45.9081E-03         5.98654    
              188.E-03            -2.84661E+03      -41.3054E-03         3.21898    
              189.E-03            -1.97373E+03      -39.2915E-03       808.813E-03  
              190.E-03            60.8914           -38.9609E-03      -147.609E-03  
              191.E-03             3.20666E+03      -38.2916E-03         1.48617    
              192.E-03             2.43796E+03      -35.3943E-03         4.30847    
              193.E-03             2.49471E+03      -29.8526E-03         6.77481    
              194.E-03          -652.898            -22.6174E-03         7.69571    
              195.E-03            -2.76352E+03      -15.7758E-03         5.9875     
              196.E-03            -2.68672E+03      -11.1508E-03         3.26239    
              197.E-03            -2.21747E+03       -9.11448E-03      810.293E-03  
              198.E-03           787.275             -8.66174E-03       95.1964E-03 
              199.E-03             2.77148E+03       -7.67685E-03        1.87457    
              200.E-03             2.79802E+03       -4.4099E-03         4.65933    
              201.E-03             1.99884E+03        1.44864E-03        7.05776    
              202.E-03          -737.405              8.82175E-03        7.68848    
              203.E-03            -3.06549E+03       15.5595E-03         5.78703    
              204.E-03            -2.46497E+03       19.9639E-03         3.0218     
              205.E-03            -2.35119E+03       21.7817E-03       613.719E-03  
              206.E-03             1.30672E+03       22.1343E-03        91.4842E-03 
              207.E-03             2.60029E+03       23.2025E-03         2.04499    
              208.E-03             2.79131E+03       26.5954E-03         4.74079    
              209.E-03             1.93525E+03       32.5178E-03         7.10406    
              210.E-03            -1.35902E+03       39.7659E-03         7.39217    
              211.E-03            -2.72815E+03       46.1363E-03         5.34859    
              212.E-03            -2.8816E+03        50.0825E-03         2.54372    
              213.E-03            -1.872E+03         51.4378E-03       166.921E-03  
              214.E-03             1.35599E+03       51.4757E-03       -91.0844E-03 
              215.E-03             2.68928E+03       52.396E-03          1.93155    
              216.E-03             2.70787E+03       55.6768E-03         4.63013    
              217.E-03             1.75126E+03       61.4217E-03         6.85969    
              218.E-03            -1.73979E+03       68.2843E-03         6.86543    
              219.E-03            -2.66681E+03       74.048E-03          4.66213    
              220.E-03            -2.9659E+03        77.302E-03          1.84577    
              221.E-03            -1.71023E+03       77.9787E-03      -492.301E-03  
              222.E-03             1.75612E+03       77.4979E-03      -469.358E-03  
              223.E-03             2.38048E+03       78.0627E-03         1.59894    
              224.E-03             3.0185E+03        81.0114E-03         4.29844    
              225.E-03             1.18852E+03       86.3616E-03         6.40195    
              226.E-03            -1.83498E+03       92.6019E-03         6.07872    
              227.E-03            -2.69271E+03       97.5487E-03         3.81487    
              228.E-03            -3.13362E+03       99.907E-03        901.713E-03  
              229.E-03            -1.23235E+03       99.7172E-03        -1.28127    
              230.E-03             1.69874E+03       98.5526E-03        -1.04807    
              231.E-03             2.5924E+03        98.5773E-03         1.0975     
              232.E-03             2.78797E+03      101.02E-03           3.78769    
              233.E-03             1.11178E+03      105.782E-03          5.73756    
              234.E-03            -2.3452E+03       111.212E-03          5.12086    
              235.E-03            -2.31939E+03      115.166E-03          2.78857    
              236.E-03            -3.61978E+03      116.47E-03        -181.016E-03  
              237.E-03          -455.196            115.27E-03          -2.2185     
              238.E-03             1.44317E+03      113.299E-03         -1.72452    
              239.E-03             2.84274E+03      112.646E-03        418.441E-03  
              240.E-03             2.70528E+03      114.451E-03          3.19245    
              241.E-03           657.454            118.484E-03          4.87382    
              242.E-03            -2.26243E+03      122.957E-03          4.07133    
              243.E-03            -2.6326E+03       125.805E-03          1.62382    
              244.E-03            -3.33492E+03      125.937E-03         -1.35994    
              245.E-03          -377.192            123.649E-03         -3.216      
              246.E-03             1.8066E+03       120.79E-03          -2.50129    
              247.E-03             2.56734E+03      119.382E-03       -314.318E-03  
              248.E-03             3.04356E+03      120.471E-03          2.49113    
              249.E-03          -144.827            123.686E-03          3.94049    
              250.E-03            -1.89092E+03      127.118E-03          2.92262    
              251.E-03            -3.08475E+03      128.797E-03        434.783E-03  
              252.E-03            -3.02413E+03      127.704E-03         -2.61966    
              253.E-03           -97.2307           124.304E-03         -4.18034    
              254.E-03             1.77337E+03      120.543E-03         -3.34227    
              255.E-03             2.8442E+03       118.355E-03         -1.03348    
              256.E-03             2.72796E+03      118.715E-03          1.7526     
              257.E-03          -298.061            121.075E-03          2.96755    
              258.E-03            -2.06113E+03      123.452E-03          1.78795    
              259.E-03            -3.08222E+03      123.954E-03       -783.726E-03  
              260.E-03            -2.99307E+03      121.652E-03         -3.82137    
              261.E-03           385.547            117.179E-03         -5.12513    
              262.E-03             1.62346E+03      112.556E-03         -4.12063    
              263.E-03             3.15647E+03      109.63E-03          -1.73067    
              264.E-03             2.45154E+03      109.301E-03          1.07334    
              265.E-03          -609.357            110.835E-03          1.99443    
              266.E-03            -1.90276E+03      112.202E-03        738.37E-03   
              267.E-03            -3.50751E+03      111.588E-03         -1.96676    
              268.E-03            -2.39794E+03      108.144E-03         -4.91949    
              269.E-03           318.834            102.705E-03         -5.95904    
              270.E-03             1.94868E+03       97.313E-03         -4.82528    
              271.E-03             3.13026E+03       93.7575E-03        -2.28581    
              272.E-03             2.32011E+03       92.8343E-03       439.371E-03  
              273.E-03          -896.504             93.6295E-03         1.15118    
              274.E-03            -1.86881E+03       94.0894E-03      -231.481E-03  
              275.E-03            -3.68643E+03       92.4691E-03        -3.0091     
              276.E-03            -2.06498E+03       88.0221E-03        -5.8848     
              277.E-03           595.851             81.7701E-03        -6.61937    
              278.E-03             1.85373E+03       75.7631E-03        -5.39458    
              279.E-03             3.59793E+03       71.7314E-03        -2.66874    
              280.E-03             1.60652E+03       70.3638E-03       -66.5173E-03 
              281.E-03          -579.034             70.5541E-03       447.224E-03  
              282.E-03            -2.35331E+03       70.2683E-03        -1.01895    
              283.E-03            -3.45428E+03       67.7974E-03        -3.92274    
              284.E-03            -1.89944E+03       62.5363E-03        -6.5996     
              285.E-03           837.149             55.6711E-03        -7.13075    
              286.E-03             1.98217E+03       49.2452E-03        -5.72108    
              287.E-03             3.68959E+03       44.942E-03         -2.8852     
              288.E-03             1.32681E+03       43.3109E-03      -376.998E-03  
              289.E-03          -730.414             43.083E-03        -78.7992E-03 
              290.E-03            -2.31814E+03       42.2421E-03        -1.60308    
              291.E-03            -3.74131E+03       39.1242E-03        -4.6328     
              292.E-03            -1.14036E+03       33.2709E-03        -7.07363    
              293.E-03           477.305             26.0315E-03        -7.40516    
              294.E-03             2.66994E+03       19.4132E-03        -5.83154    
              295.E-03             3.30905E+03       15.0764E-03        -2.84204    
              296.E-03             1.31508E+03       13.3904E-03      -529.979E-03  
              297.E-03          -917.946             12.9597E-03      -331.41E-03   
              298.E-03            -2.45622E+03       11.7847E-03        -2.01849    
              299.E-03            -3.63588E+03        8.24323E-03       -5.06454    
              300.E-03          -859.303              2.05489E-03       -7.31213    
              301.E-03           647.418             -5.31021E-03       -7.41808    
              302.E-03             2.81401E+03      -11.8629E-03        -5.68736    
              303.E-03             3.43168E+03      -15.9889E-03        -2.56452    
              304.E-03           784.857            -17.4993E-03      -456.254E-03  
              305.E-03          -588.305            -17.9064E-03      -357.978E-03  
              306.E-03            -3.07559E+03      -19.1803E-03        -2.18992    
              307.E-03            -3.08169E+03      -22.9096E-03        -5.26856    
              308.E-03          -875.102            -29.1673E-03        -7.24696    
              309.E-03           926.448            -36.4015E-03        -7.22129    
              310.E-03             3.04847E+03      -42.629E-03         -5.23383    
              311.E-03             3.23118E+03      -46.2929E-03        -2.094      
              312.E-03           695.269            -47.4053E-03      -130.775E-03  
              313.E-03          -761.508            -47.5527E-03      -163.894E-03  
              314.E-03            -3.19122E+03      -48.7047E-03        -2.14026    
              315.E-03            -2.94244E+03      -52.3784E-03        -5.20708    
              316.E-03          -530.242            -58.4537E-03        -6.94342    
              317.E-03           898.837            -65.3049E-03        -6.75912    
              318.E-03             3.52108E+03      -70.9591E-03        -4.54917    
              319.E-03             2.80631E+03      -73.9264E-03        -1.38547    
              320.E-03           722.61             -74.4296E-03       378.993E-03  
              321.E-03          -925.538            -74.1014E-03       277.53E-03   
              322.E-03            -3.47434E+03      -74.9238E-03        -1.92241    
              323.E-03            -2.42903E+03      -78.3221E-03        -4.87409    
              324.E-03          -695.533            -83.9773E-03        -6.43637    
              325.E-03             1.44578E+03      -90.2261E-03        -6.06125    
              326.E-03             3.40578E+03      -95.0745E-03        -3.63547    
              327.E-03             2.83629E+03      -97.1494E-03      -514.439E-03  
              328.E-03           405.05             -96.8535E-03         1.10623    
              329.E-03          -891.442            -95.8689E-03       863.032E-03  
              330.E-03            -3.82569E+03      -96.1851E-03        -1.49553    
              331.E-03            -1.91786E+03      -99.1166E-03        -4.36731    
              332.E-03          -768.778           -104.156E-03         -5.71062    
              333.E-03             1.78586E+03     -109.612E-03         -5.20208    
              334.E-03             3.59587E+03     -113.469E-03         -2.51122    
              335.E-03             2.3618E+03      -114.49E-03         467.614E-03  
              336.E-03           714.52            -113.254E-03          2.00577    
              337.E-03            -1.59345E+03     -111.468E-03          1.56631    
              338.E-03            -3.41135E+03     -111.152E-03       -936.093E-03  
              339.E-03            -2.07839E+03     -113.461E-03         -3.68096    
              340.E-03          -320.389           -117.742E-03         -4.88035    
              341.E-03             1.77487E+03     -122.258E-03         -4.15311    
              342.E-03             3.91609E+03     -124.989E-03         -1.30763    
              343.E-03             1.86202E+03     -124.852E-03          1.58143    
              344.E-03           910.651           -122.577E-03          2.96776    
              345.E-03            -2.09929E+03     -119.907E-03          2.37344    
              346.E-03            -3.27839E+03     -118.878E-03       -315.398E-03  
              347.E-03            -1.82511E+03     -120.469E-03         -2.86715    
              348.E-03          -418.099           -123.897E-03         -3.98875    
              349.E-03             2.4037E+03      -127.389E-03         -2.99595    
              350.E-03             3.49435E+03     -128.911E-03        -46.9306E-03 
              351.E-03             2.03688E+03     -127.575E-03          2.71868    
              352.E-03           517.495           -124.218E-03          3.99587    
              353.E-03            -2.20237E+03     -120.643E-03          3.15343    
              354.E-03            -3.33397E+03     -118.874E-03        385.262E-03  
              355.E-03            -1.55139E+03     -119.71E-03          -2.05742    
              356.E-03          -407.859           -122.257E-03         -3.03704    
              357.E-03             2.81918E+03     -124.691E-03         -1.83138    
              358.E-03             3.29335E+03     -124.994E-03          1.22489    
              359.E-03             1.90022E+03     -122.471E-03          3.82167    
              360.E-03           471.187           -118.056E-03          5.00737    
              361.E-03            -2.72864E+03     -113.613E-03          3.87865    
              362.E-03            -2.8998E+03      -111.142E-03          1.06443    
              363.E-03            -1.75718E+03     -111.242E-03         -1.26406    
              364.E-03             1.87938         -112.945E-03         -2.14172    
              365.E-03             2.96086E+03     -114.346E-03       -660.347E-03  
              366.E-03             3.12182E+03     -113.485E-03          2.38099    
              367.E-03             1.89658E+03     -109.85E-03           4.8902     
              368.E-03           105.164           -104.459E-03          5.89107    
              369.E-03            -2.84251E+03      -99.2524E-03         4.5224     
              370.E-03            -2.89295E+03      -96.1639E-03         1.65467    
              371.E-03            -1.53602E+03      -95.6164E-03      -559.816E-03  
              372.E-03             1.73668          -96.5598E-03        -1.32696    
              373.E-03             3.47263E+03      -97.0182E-03       410.224E-03  
              374.E-03             2.54246E+03      -95.1042E-03         3.41777    
              375.E-03             2.24136E+03      -90.4905E-03         5.80968    
              376.E-03          -563.469            -84.2613E-03         6.64862    
              377.E-03            -2.78526E+03      -78.4499E-03         4.97426    
              378.E-03            -2.84605E+03      -74.8834E-03         2.15861    
              379.E-03            -1.56683E+03      -73.8281E-03       -47.833E-03  
              380.E-03           455.977            -74.1536E-03      -603.262E-03  
              381.E-03             3.35592E+03      -73.8039E-03         1.30269    
              382.E-03             2.6145E+03       -71.0086E-03         4.2879     
              383.E-03             1.91253E+03      -65.589E-03          6.55141    
              384.E-03          -636.802            -58.7186E-03         7.18927    
              385.E-03            -3.24229E+03      -52.4991E-03         5.24973    
              386.E-03            -2.33064E+03      -48.6426E-03         2.46326    
              387.E-03            -1.99646E+03      -47.2611E-03       299.708E-03  
              388.E-03             1.23847E+03      -47.1509E-03       -79.2881E-03 
              389.E-03             2.9894E+03       -46.1732E-03         2.03465    
              390.E-03             2.73858E+03      -42.7066E-03         4.89864    
              391.E-03             1.70717E+03      -36.6965E-03         7.12151    
              392.E-03            -1.06607E+03      -29.4147E-03         7.44206    
              393.E-03            -3.14396E+03      -23.0252E-03         5.33704    
              394.E-03            -2.46274E+03      -19.0898E-03         2.53369    
              395.E-03            -1.7385E+03       -17.6064E-03       433.073E-03  
              396.E-03             1.38652E+03      -17.2614E-03       257.081E-03  
              397.E-03             3.13018E+03      -15.8751E-03         2.51543    
              398.E-03             2.43102E+03      -11.9694E-03         5.29603    
              399.E-03             1.81395E+03       -5.61211E-03        7.41851    
              400.E-03            -1.73949E+03        1.82501E-03        7.45574    
              401.E-03            -2.85935E+03        8.13103E-03        5.15631    
              402.E-03            -2.65367E+03       11.9091E-03         2.3998     
              403.E-03            -1.54542E+03       13.2591E-03       300.255E-03  
              404.E-03             1.77331E+03       13.6163E-03       414.201E-03  
              405.E-03             2.8343E+03        15.1824E-03         2.71801    
              406.E-03             2.66073E+03       19.2742E-03         5.46553    
              407.E-03             1.31066E+03       25.7326E-03         7.45122    
              408.E-03            -1.84369E+03       33.0506E-03         7.18471    
              409.E-03            -3.00638E+03       39.0228E-03         4.75968    
              410.E-03            -2.53486E+03       42.3971E-03         1.98906    
              411.E-03            -1.49405E+03       43.379E-03        -25.3913E-03 
              412.E-03             2.18747E+03       43.5269E-03       321.322E-03  
              413.E-03             2.57146E+03       45.038E-03          2.70079    
              414.E-03             2.76478E+03       49.0728E-03         5.36891    
              415.E-03           994.212             55.3815E-03         7.24841    
              416.E-03            -2.23249E+03       62.3203E-03         6.62926    
              417.E-03            -2.71942E+03       67.7116E-03         4.15331    
              418.E-03            -2.92636E+03       70.4535E-03         1.33042    
              419.E-03          -850.879             70.8396E-03      -558.195E-03  
              420.E-03             2.03671E+03       70.5779E-03        34.718E-03  
              421.E-03             2.74219E+03       71.8073E-03         2.42417    
              422.E-03             2.59137E+03       75.5649E-03         5.09095    
              423.E-03           742.939             81.4894E-03         6.7581     
              424.E-03            -2.49519E+03       87.8094E-03         5.88198    
              425.E-03            -2.65689E+03       92.4034E-03         3.30594    
              426.E-03            -2.9766E+03        94.301E-03        489.196E-03  
              427.E-03          -573.483             93.9026E-03        -1.28585    
              428.E-03             2.30232E+03       93.049E-03       -421.431E-03  
              429.E-03             2.41978E+03       93.8081E-03         1.93962    
              430.E-03             2.96056E+03       97.0928E-03         4.62978    
              431.E-03          -105.195            102.436E-03          6.05747    
              432.E-03            -2.15194E+03      107.93E-03           4.9289     
              433.E-03            -3.07456E+03      111.552E-03          2.31565    
              434.E-03            -2.67821E+03      112.429E-03       -560.733E-03  
              435.E-03          -393.633            111.101E-03         -2.09666    
              436.E-03             2.43773E+03      109.515E-03         -1.07461    
              437.E-03             2.40732E+03      109.652E-03          1.34791    
              438.E-03             2.8746E+03       112.32E-03           3.98887    
              439.E-03          -433.943            116.919E-03          5.2092     
              440.E-03            -2.33207E+03      121.437E-03          3.82619    
              441.E-03            -2.91396E+03      123.951E-03          1.20318    
              442.E-03            -2.93999E+03      123.691E-03         -1.7238     
              443.E-03           400.396            121.332E-03         -2.9936     
              444.E-03             1.95714E+03      118.928E-03         -1.81483    
              445.E-03             2.95054E+03      118.34E-03         639.01E-03   
              446.E-03             2.34131E+03      120.302E-03          3.28494    
              447.E-03          -504.942            124.046E-03          4.20312    
              448.E-03            -2.51448E+03      127.495E-03          2.69341    
              449.E-03            -2.93019E+03      128.827E-03        -28.926E-03  
              450.E-03            -2.8147E+03       127.362E-03         -2.90137    
              451.E-03           741.921            123.942E-03         -3.93776    
              452.E-03             1.95309E+03      120.678E-03         -2.59025    
              453.E-03             3.02767E+03      119.333E-03        -99.8721E-03 
              454.E-03             2.22938E+03      120.547E-03          2.52865    
              455.E-03          -970.156            123.391E-03          3.15827    
              456.E-03            -2.28754E+03      125.735E-03          1.52942    
              457.E-03            -3.28621E+03      125.871E-03         -1.25746    
              458.E-03            -2.37607E+03      123.198E-03         -4.0886     
              459.E-03           922.891            118.746E-03         -4.81519    
              460.E-03             1.93101E+03      114.644E-03         -3.38824    
              461.E-03             3.30951E+03      112.566E-03       -767.976E-03  
              462.E-03             1.7298E+03       113.058E-03          1.75168    
              463.E-03          -936.887            115.008E-03          2.14813    
              464.E-03            -2.54648E+03      116.285E-03        406.449E-03  
              465.E-03            -3.17128E+03      115.262E-03         -2.45243    
              466.E-03            -2.26617E+03      111.45E-03          -5.17116    
              467.E-03             1.34763E+03      106.049E-03         -5.63043    
              468.E-03             1.75274E+03      101.194E-03         -4.08025    
              469.E-03             3.66438E+03       98.4681E-03        -1.37169    
              470.E-03             1.21624E+03       98.3166E-03         1.06863    
              471.E-03          -978.561             99.4447E-03         1.18747    
              472.E-03            -2.56087E+03       99.7473E-03      -582.247E-03  
              473.E-03            -3.43031E+03       97.6672E-03        -3.57784    
              474.E-03            -1.57203E+03       92.8388E-03        -6.07901    
              475.E-03             1.07928E+03       86.6366E-03        -6.32538    
              476.E-03             2.30927E+03       81.1584E-03        -4.63111    
              477.E-03             3.31665E+03       77.9337E-03        -1.81815    
              478.E-03             1.26798E+03       77.2617E-03       474.163E-03  
              479.E-03            -1.41158E+03       77.7E-03          402.364E-03  
              480.E-03            -2.31787E+03       77.17E-03          -1.46236    
              481.E-03            -3.76965E+03       74.1858E-03        -4.50612    
              482.E-03          -868.939             68.52E-03          -6.82542    
              483.E-03           911.302             61.7052E-03        -6.80423    
              484.E-03             2.64736E+03       55.7906E-03        -5.0249     
              485.E-03             3.30687E+03       52.2543E-03        -2.04779    
              486.E-03           811.336             51.236E-03         11.3117E-03 
              487.E-03            -1.18354E+03       51.1543E-03      -174.79E-03   
              488.E-03            -2.79744E+03       49.9842E-03        -2.16528    
              489.E-03            -3.34426E+03       46.2835E-03        -5.23613    
              490.E-03          -810.212             40.0088E-03        -7.31336    
              491.E-03             1.23507E+03       32.8017E-03        -7.10093    
              492.E-03             2.67201E+03       26.6775E-03        -5.14739    
              493.E-03             3.41113E+03       23.0509E-03        -2.10582    
              494.E-03           362.29              21.8884E-03      -219.112E-03  
              495.E-03            -1.05038E+03       21.4973E-03      -563.156E-03  
              496.E-03            -3.0833E+03        19.9007E-03        -2.63       
              497.E-03            -3.15382E+03       15.7114E-03        -5.74856    
              498.E-03          -395.344              9.07559E-03       -7.52314    
              499.E-03             1.09876E+03        1.72831E-03       -7.17143    
              500.E-03             3.22815E+03       -4.36139E-03       -5.00798    
              501.E-03             2.92449E+03       -7.83121E-03       -1.93165    
              502.E-03           438.366             -8.92214E-03     -250.225E-03  
              503.E-03            -1.30399E+03       -9.38878E-03     -683.038E-03  
              504.E-03            -3.14818E+03      -11.1849E-03        -2.90912    
              505.E-03            -2.95072E+03      -15.6187E-03        -5.95857    
              506.E-03          -143.027            -22.3507E-03        -7.50544    
              507.E-03             1.23401E+03      -29.5834E-03        -6.95995    
              508.E-03             3.43524E+03      -35.376E-03         -4.62533    
              509.E-03             2.77776E+03      -38.4481E-03        -1.51883    
              510.E-03           140.142            -39.2375E-03       -59.8821E-03 
              511.E-03            -1.15186E+03      -39.5503E-03      -565.743E-03  
              512.E-03            -3.63221E+03      -41.3121E-03        -2.95778    
              513.E-03            -2.28467E+03      -45.7491E-03        -5.91622    
              514.E-03          -303.825            -52.3124E-03        -7.21047    
              515.E-03             1.66472E+03      -59.1826E-03        -6.53002    
              516.E-03             3.49794E+03      -64.422E-03         -3.94869    
              517.E-03             2.52427E+03      -66.8651E-03      -937.591E-03  
              518.E-03           137.624            -67.1373E-03       393.355E-03  
              519.E-03            -1.45146E+03      -67.0724E-03      -263.562E-03  
              520.E-03            -3.56307E+03      -68.5896E-03        -2.77083    
              521.E-03            -2.16004E+03      -72.7912E-03        -5.63238    
              522.E-03            53.2919           -78.9502E-03        -6.68576    
              523.E-03             1.60681E+03      -85.221E-03         -5.85571    
              524.E-03             3.98222E+03      -89.6794E-03        -3.06119    
              525.E-03             1.84044E+03      -91.2849E-03      -149.864E-03  
              526.E-03           499.272            -90.8499E-03         1.01999    
              527.E-03            -2.02603E+03      -90.2116E-03       256.615E-03  
              528.E-03            -3.35383E+03      -91.2999E-03        -2.43331    
              529.E-03            -1.94924E+03      -95.059E-03         -5.08485    
              530.E-03            99.416           -100.606E-03         -6.00977    
              531.E-03             2.04299E+03     -106.08E-03          -4.93856    
              532.E-03             3.80103E+03     -109.558E-03         -2.01655    
              533.E-03             1.83019E+03     -110.167E-03        799.061E-03  
              534.E-03           194.95            -108.861E-03          1.81163    
              535.E-03            -2.01344E+03     -107.504E-03        902.388E-03  
              536.E-03            -3.62825E+03     -108.012E-03         -1.91845    
              537.E-03            -1.31493E+03     -111.167E-03         -4.39004    
              538.E-03          -215.095           -115.939E-03         -5.15505    
              539.E-03             2.74331E+03     -120.462E-03         -3.89094    
              540.E-03             3.42354E+03     -122.811E-03       -807.518E-03  
              541.E-03             1.8173E+03      -122.309E-03          1.8129     
              542.E-03            68.5578          -120.024E-03          2.75583    
              543.E-03            -2.38577E+03     -117.848E-03          1.59722    
              544.E-03            -3.33756E+03     -117.682E-03         -1.26444    
              545.E-03            -1.32142E+03     -120.111E-03         -3.59393    
              546.E-03           102.89            -124.009E-03         -4.2032     
              547.E-03             2.86397E+03     -127.471E-03         -2.71977    
              548.E-03             3.46171E+03     -128.609E-03        443.069E-03  
              549.E-03             1.46999E+03     -126.933E-03          2.90892    
              550.E-03           154.687           -123.618E-03          3.72126    
              551.E-03            -2.89738E+03     -120.582E-03          2.34991    
              552.E-03            -2.96392E+03     -119.698E-03       -580.734E-03  
              553.E-03            -1.3089E+03      -121.347E-03         -2.71714    
              554.E-03           267.077           -124.324E-03         -3.23805    
              555.E-03             3.26088E+03     -126.68E-03          -1.47407    
              556.E-03             3.03352E+03     -126.581E-03          1.67313    
              557.E-03             1.64479E+03     -123.738E-03          4.01229    
              558.E-03          -316.998           -119.394E-03          4.67618    
              559.E-03            -2.92752E+03     -115.529E-03          3.05392    
              560.E-03            -2.91175E+03     -113.935E-03        134.286E-03  
              561.E-03            -1.14035E+03     -114.814E-03         -1.89177    
              562.E-03           425.845           -116.884E-03         -2.24902    
              563.E-03             3.51105E+03     -118.149E-03       -280.574E-03  
              564.E-03             2.78662E+03     -116.855E-03          2.86826    
              565.E-03             1.54076E+03     -112.905E-03          5.03195    
              566.E-03          -465.017           -107.604E-03          5.56982    
              567.E-03            -3.36321E+03     -102.991E-03          3.65571    
              568.E-03            -2.34289E+03     -100.762E-03        802.661E-03  
              569.E-03            -1.55769E+03     -100.934E-03         -1.14763    
              570.E-03             1.18056E+03     -102.176E-03         -1.33619    
              571.E-03             3.1958E+03      -102.418E-03        851.994E-03  
              572.E-03             2.91196E+03     -100.039E-03          3.90587    
              573.E-03             1.23688E+03      -95.0964E-03         5.98029    
              574.E-03          -652.475            -88.97E-03           6.2725     
              575.E-03            -3.56049E+03      -83.7508E-03         4.16602    
              576.E-03            -2.13264E+03      -81.008E-03          1.31945    
              577.E-03            -1.52631E+03      -80.6033E-03      -510.021E-03  
              578.E-03             1.42784E+03      -81.138E-03       -559.258E-03  
              579.E-03             3.39749E+03      -80.4909E-03         1.85341    
              580.E-03             2.42618E+03      -77.1816E-03         4.76524    
              581.E-03             1.56724E+03      -71.418E-03          6.76196    
              582.E-03            -1.51822E+03      -64.6437E-03         6.78647    
              583.E-03            -3.09554E+03      -59.0107E-03         4.47959    
              584.E-03            -2.45903E+03      -55.9198E-03         1.70231    
              585.E-03            -1.13222E+03      -55.1153E-03       -93.3189E-03 
              586.E-03             1.53226E+03      -55.1086E-03       106.701E-03  
              587.E-03             3.48086E+03      -53.7486E-03         2.61326    
              588.E-03             2.20452E+03      -49.714E-03          5.45595    
              589.E-03             1.48932E+03      -43.3346E-03         7.30287    
              590.E-03            -1.93218E+03      -36.1424E-03         7.08144    
              591.E-03            -3.07846E+03      -30.3137E-03         4.57612    
              592.E-03            -2.31407E+03      -27.0857E-03         1.87985    
              593.E-03            -1.20883E+03      -26.0866E-03       118.399E-03  
              594.E-03             2.11403E+03      -25.7419E-03       570.999E-03  
              595.E-03             3.06076E+03      -23.8772E-03         3.1584     
              596.E-03             2.39731E+03      -19.3542E-03         5.88743    
              597.E-03             1.09575E+03      -12.5935E-03         7.63396    
              598.E-03            -2.21585E+03       -5.23961E-03        7.07391    
              599.E-03            -2.95976E+03      540.393E-06          4.4861     
              600.E-03            -2.43928E+03        3.67674E-03        1.78658    
              601.E-03          -868.9                4.63628E-03      132.495E-03  
              602.E-03             2.21962E+03        5.10645E-03      807.857E-03  
              603.E-03             3.06923E+03        7.23652E-03        3.45228    
              604.E-03             2.19271E+03       12.0043E-03         6.08325    
              605.E-03             1.01202E+03       18.8887E-03         7.68562    
              606.E-03            -2.74993E+03       26.1399E-03         6.81667    
              607.E-03            -2.60827E+03       31.617E-03          4.13757    
              608.E-03            -2.71773E+03       34.4231E-03         1.47457    
              609.E-03          -447.503             35.1063E-03      -108.042E-03  
              610.E-03             2.3771E+03        35.4807E-03       856.757E-03  
              611.E-03             2.8195E+03        37.6366E-03         3.45506    
              612.E-03             2.40953E+03       42.3989E-03         6.06958    
              613.E-03           342.155             49.1564E-03         7.44542    
              614.E-03            -2.61163E+03       56.0345E-03         6.31069    
              615.E-03            -2.88428E+03       60.9712E-03         3.56273    
              616.E-03            -2.42918E+03       63.2055E-03       905.999E-03  
              617.E-03          -441.639             63.3938E-03      -529.412E-03  
              618.E-03             2.80992E+03       63.4565E-03       654.726E-03  
              619.E-03             2.38645E+03       65.4103E-03         3.25291    
              620.E-03             2.69601E+03       69.9338E-03         5.79414    
              621.E-03          -315.536             76.3231E-03         6.98438    
              622.E-03            -2.58134E+03       82.5833E-03         5.53594    
              623.E-03            -2.86962E+03       86.7565E-03         2.81047    
              624.E-03            -2.57131E+03       88.2067E-03        90.004E-03  
              625.E-03           181.375             87.6992E-03        -1.10496    
              626.E-03             2.50738E+03       87.2664E-03       239.417E-03  
              627.E-03             2.69915E+03       88.8075E-03         2.84268    
              628.E-03             2.28408E+03       92.896E-03          5.3343     
              629.E-03          -417.056             98.6971E-03         6.26781    
              630.E-03            -2.91044E+03      104.133E-03          4.60406    
              631.E-03            -2.62551E+03      107.353E-03          1.83608    
              632.E-03            -2.77102E+03      107.84E-03        -862.188E-03  
              633.E-03           781.776            106.48E-03          -1.85681    
              634.E-03             2.31289E+03      105.397E-03       -309.476E-03  
              635.E-03             2.78781E+03      106.363E-03          2.24087    
              636.E-03             2.20607E+03      109.852E-03          4.73781    
              637.E-03          -989.026            114.894E-03          5.34633    
              638.E-03            -2.62028E+03      119.338E-03          3.54168    
              639.E-03            -3.02507E+03      121.469E-03        719.011E-03  
              640.E-03            -2.30922E+03      120.854E-03         -1.94813    
              641.E-03           852.451            118.542E-03         -2.67651    
              642.E-03             2.47175E+03      116.696E-03         -1.01441    
              643.E-03             2.70338E+03      116.976E-03          1.57315    
              644.E-03             2.11751E+03      119.754E-03          3.9836     
              645.E-03            -1.41988E+03      123.912E-03          4.33242    
              646.E-03            -2.51694E+03      127.26E-03           2.36401    
              647.E-03            -3.14448E+03      128.209E-03       -466.7E-03    
              648.E-03            -2.13973E+03      126.421E-03         -3.1088     
              649.E-03             1.30432E+03      123.104E-03         -3.52651    
              650.E-03             2.17093E+03      120.446E-03         -1.78889    
              651.E-03             3.12087E+03      119.98E-03         857.014E-03  
              652.E-03             1.51765E+03      121.997E-03          3.17627    
              653.E-03            -1.4087E+03       125.2E-03            3.23074    
              654.E-03            -2.66565E+03      127.412E-03          1.19357    
              655.E-03            -3.17199E+03      127.147E-03         -1.72525    
              656.E-03            -1.81733E+03      124.174E-03         -4.2199     
              657.E-03             1.45957E+03      119.865E-03         -4.39878    
              658.E-03             2.2602E+03       116.396E-03         -2.5389     
              659.E-03             3.10055E+03      115.197E-03        141.479E-03  
              660.E-03             1.34433E+03      116.45E-03           2.36392    
              661.E-03            -1.8008E+03       118.7E-03            2.13568    
              662.E-03            -2.37659E+03      119.791E-03         46.9856E-03 
              663.E-03            -3.59792E+03      118.344E-03         -2.94027    
              664.E-03            -1.07352E+03      114.236E-03         -5.27599    
              665.E-03             1.27606E+03      109.011E-03         -5.17472    
              666.E-03             2.54752E+03      104.792E-03         -3.26292    
              667.E-03             3.06623E+03      102.932E-03       -456.05E-03   
              668.E-03           949.98             103.48E-03           1.55205    
              669.E-03            -1.7482E+03       104.833E-03          1.15294    
              670.E-03            -2.64562E+03      104.887E-03         -1.04397    
              671.E-03            -3.35528E+03      102.343E-03         -4.04441    
              672.E-03          -956.011             97.221E-03         -6.20006    
              673.E-03             1.68036E+03       91.202E-03         -5.83789    
              674.E-03             2.30199E+03       86.3598E-03        -3.84671    
              675.E-03             3.49541E+03       83.9624E-03      -948.011E-03  
              676.E-03           131.47              83.9211E-03       865.427E-03  
              677.E-03            -1.31921E+03       84.4896E-03       271.559E-03  
              678.E-03            -3.15041E+03       83.6438E-03        -1.96325    
              679.E-03            -2.99968E+03       80.143E-03         -5.0383     
              680.E-03          -706.669             74.1781E-03        -6.89147    
              681.E-03             1.73507E+03       67.5437E-03        -6.37727    
              682.E-03             2.58788E+03       62.2472E-03        -4.21579    
              683.E-03             3.25525E+03       59.4922E-03        -1.29423    
              684.E-03             4.13784           59.0128E-03       335.465E-03  
              685.E-03            -1.52014E+03       58.9693E-03      -422.538E-03  
              686.E-03            -3.08213E+03       57.3962E-03        -2.72368    
              687.E-03            -3.08203E+03       53.1314E-03        -5.80576    
              688.E-03           -71.6525            46.5373E-03        -7.3826     
              689.E-03             1.47187E+03       39.5047E-03        -6.68249    
              690.E-03             3.10715E+03       33.967E-03         -4.39298    
              691.E-03             2.86115E+03       31.0661E-03        -1.40883    
              692.E-03          -124.026             30.3415E-03       -40.2658E-03 
              693.E-03            -1.52791E+03       29.8883E-03      -866.234E-03  
              694.E-03            -3.3543E+03        27.8015E-03        -3.30734    
              695.E-03            -2.65526E+03       22.9918E-03        -6.31211    
              696.E-03            23.5232            16.0217E-03        -7.62798    
              697.E-03             1.70877E+03        8.82681E-03       -6.76184    
              698.E-03             3.21676E+03        3.29636E-03       -4.29907    
              699.E-03             2.70848E+03      478.594E-06         -1.33645    
              700.E-03          -367.892           -272.71E-06        -166.158E-03  
              701.E-03            -1.51359E+03     -909.24E-06          -1.1069     
              702.E-03            -3.54606E+03       -3.28105E-03       -3.63673    
              703.E-03            -2.34074E+03       -8.38949E-03       -6.58013    
              704.E-03           325.561            -15.4734E-03        -7.58772    
              705.E-03             1.62502E+03      -22.5735E-03        -6.61243    
              706.E-03             3.74661E+03      -27.843E-03         -3.92662    
              707.E-03             1.99819E+03      -30.3334E-03        -1.05422    
              708.E-03           -12.6983           -30.8913E-03       -61.4723E-03 
              709.E-03            -2.05794E+03      -31.4704E-03        -1.09679    
              710.E-03            -3.27334E+03      -33.9E-03           -3.76244    
              711.E-03            -2.27957E+03      -39.0507E-03        -6.53889    
              712.E-03           686.14             -45.9879E-03        -7.3356     
              713.E-03             1.65275E+03      -52.7388E-03        -6.16616    
              714.E-03             3.99999E+03      -57.4918E-03        -3.33979    
              715.E-03             1.62196E+03      -59.4261E-03      -528.811E-03  
              716.E-03           -69.2212           -59.5667E-03       247.559E-03  
              717.E-03            -2.11893E+03      -59.8662E-03      -846.516E-03  
              718.E-03            -3.54023E+03      -62.1275E-03        -3.67609    
              719.E-03            -1.57142E+03      -67.0815E-03        -6.23191    
              720.E-03           343.269            -73.6205E-03        -6.84599    
              721.E-03             2.36601E+03      -79.7891E-03        -5.49135    
              722.E-03             3.61813E+03      -83.7844E-03        -2.49928    
              723.E-03             1.67956E+03      -84.9593E-03       149.565E-03  
              724.E-03          -354.468            -84.4785E-03       812.11E-03   
              725.E-03            -2.17388E+03      -84.2984E-03      -452.062E-03  
              726.E-03            -3.6015E+03       -86.1943E-03        -3.33975    
              727.E-03            -1.18117E+03      -90.7298E-03        -5.73108    
              728.E-03           389.132            -96.6589E-03        -6.1271     
              729.E-03             2.62987E+03     -102.031E-03         -4.6176     
              730.E-03             3.67867E+03     -105.072E-03         -1.46333    
              731.E-03             1.2177E+03      -105.311E-03        984.851E-03  
              732.E-03           -93.3844          -104.045E-03          1.54701    
              733.E-03            -2.79095E+03     -103.219E-03        104.843E-03  
              734.E-03            -3.1193E+03      -104.592E-03         -2.85028    
              735.E-03            -1.20761E+03     -108.524E-03         -5.01373    
              736.E-03           662.552           -113.674E-03         -5.28626    
              737.E-03             2.85889E+03     -118.08E-03          -3.52554    
              738.E-03             3.5219E+03      -120.01E-03        -335.144E-03  
              739.E-03             1.09349E+03     -119.191E-03          1.97255    
              740.E-03          -271.038           -117.013E-03          2.38378    
              741.E-03            -2.94966E+03     -115.435E-03        773.43E-03   
              742.E-03            -3.05601E+03     -116.163E-03         -2.2294     
              743.E-03          -835.359           -119.365E-03         -4.17508    
              744.E-03           546.116           -123.612E-03         -4.31971    
              745.E-03             3.4347E+03      -126.937E-03         -2.3293     
              746.E-03             3.00235E+03     -127.657E-03        889.224E-03  
              747.E-03             1.2209E+03      -125.712E-03          3.00085    
              748.E-03          -582.666           -122.551E-03          3.31996    
              749.E-03            -3.158E+03       -120.166E-03          1.44963    
              750.E-03            -2.7233E+03      -120.187E-03         -1.49102    
              751.E-03          -900.365           -122.584E-03         -3.30285    
              752.E-03           959.444           -125.872E-03         -3.27331    
              753.E-03             3.42672E+03     -128.049E-03         -1.08023    
              754.E-03             2.96702E+03     -127.531E-03          2.11664    
              755.E-03           922.273           -124.442E-03          4.06129    
              756.E-03          -584.273           -120.296E-03          4.23029    
              757.E-03            -3.58938E+03     -117.109E-03          2.14346    
              758.E-03            -2.21961E+03     -116.418E-03       -761.032E-03  
              759.E-03            -1.05846E+03     -117.998E-03         -2.40007    
              760.E-03             1.3459E+03      -120.327E-03         -2.25635    
              761.E-03             3.55917E+03     -121.357E-03        196.181E-03  
              762.E-03             2.56222E+03     -119.63E-03           3.25688    
              763.E-03             1.14026E+03     -115.448E-03          5.10812    
              764.E-03            -1.2527E+03      -110.368E-03          5.0519     
              765.E-03            -3.29393E+03     -106.452E-03          2.77859    
              766.E-03            -2.38744E+03     -105.094E-03        -62.0984E-03 
              767.E-03          -656.854           -105.917E-03         -1.58424    
              768.E-03             1.30994E+03     -107.338E-03         -1.2577     
              769.E-03             3.92502E+03     -107.287E-03          1.35978    
              770.E-03             2.00556E+03     -104.445E-03          4.32507    
              771.E-03             1.37736E+03      -99.2741E-03         6.01653    
              772.E-03            -1.85665E+03      -93.3774E-03         5.77689    
              773.E-03            -3.168E+03        -88.8567E-03         3.26456    
              774.E-03            -2.22352E+03      -86.94E-03         568.802E-03  
              775.E-03          -748.922            -87.1143E-03      -917.418E-03  
              776.E-03             1.90261E+03      -87.7433E-03      -340.572E-03  
              777.E-03             3.52973E+03      -86.7258E-03         2.3756     
              778.E-03             2.17589E+03      -82.9238E-03         5.22841    
              779.E-03           943.736            -76.9154E-03         6.78822    
              780.E-03            -1.95222E+03      -70.3793E-03         6.28398    
              781.E-03            -3.35455E+03      -65.4221E-03         3.6306     
              782.E-03            -1.89789E+03      -63.1046E-03         1.00438    
              783.E-03          -868.43             -62.7918E-03      -378.784E-03  
              784.E-03             2.41483E+03      -62.784E-03        394.417E-03  
              785.E-03             3.25347E+03      -60.9725E-03         3.22857    
              786.E-03             2.10514E+03      -56.4042E-03         5.90787    
              787.E-03           831.407            -49.7622E-03         7.37615    
              788.E-03            -2.48767E+03      -42.8001E-03         6.54802    
              789.E-03            -2.98802E+03      -37.6211E-03         3.81017    
              790.E-03            -2.14319E+03      -35.0937E-03         1.24456    
              791.E-03          -457.132            -34.4992E-03       -55.5981E-03 
              792.E-03             2.5109E+03       -34.0414E-03       971.284E-03  
              793.E-03             3.17386E+03      -31.6489E-03         3.81366    
              794.E-03             1.99886E+03      -26.542E-03          6.40002    
              795.E-03           571.799            -19.4994E-03         7.68535    
              796.E-03            -2.76636E+03      -12.3627E-03         6.58807    
              797.E-03            -2.90952E+03       -7.19355E-03        3.75014    
              798.E-03            -2.05479E+03       -4.68449E-03        1.26798    
              799.E-03          -392.938             -4.02843E-03       44.1226E-03 
              800.E-03             2.97495E+03       -3.33881E-03        1.33513    
              801.E-03             2.65445E+03     -596.328E-06          4.14983    
              802.E-03             2.3206E+03         4.79726E-03        6.63735    
              803.E-03           -93.1912            11.9915E-03         7.75105    
              804.E-03            -2.74372E+03       19.0333E-03         6.3326     
              805.E-03            -2.92285E+03       23.9492E-03         3.49931    
              806.E-03            -2.06992E+03       26.2004E-03         1.00292    
              807.E-03            -3.93088           26.6848E-03       -34.0051E-03 
              808.E-03             2.94336E+03       27.3857E-03         1.43571    
              809.E-03             2.68692E+03       30.2289E-03         4.25085    
              810.E-03             2.04843E+03       35.6636E-03         6.61853    
              811.E-03          -197.127             42.745E-03          7.54418    
              812.E-03            -3.23391E+03       49.4314E-03         5.82866    
              813.E-03            -2.41737E+03       53.8473E-03         3.00303    
              814.E-03            -2.55423E+03       55.6074E-03       517.229E-03  
              815.E-03           824.116             55.6921E-03      -347.828E-03  
              816.E-03             2.5548E+03        56.189E-03          1.34163    
              817.E-03             2.8926E+03        58.8925E-03         4.06532    
              818.E-03             1.798E+03         64.1304E-03         6.41062    
              819.E-03          -562.886             70.8498E-03         7.02818    
              820.E-03            -3.2311E+03        76.9295E-03         5.13119    
              821.E-03            -2.51284E+03       80.6247E-03         2.25922    
              822.E-03            -2.34914E+03       81.6684E-03      -171.771E-03  
              823.E-03           994.06              81.1579E-03      -849.311E-03  
              824.E-03             2.75458E+03       81.2458E-03         1.02501    
              825.E-03             2.55785E+03       83.5989E-03         3.68122    
              826.E-03             2.01413E+03       88.4231E-03         5.96721    
              827.E-03            -1.34385E+03       94.5579E-03         6.30235    
              828.E-03            -2.8497E+03        99.8118E-03         4.20557    
              829.E-03            -2.84526E+03      102.594E-03          1.3581     
              830.E-03            -2.03069E+03      102.733E-03         -1.07987    
              831.E-03             1.26469E+03      101.461E-03         -1.46288    
              832.E-03             2.64067E+03      100.975E-03        489.805E-03  
              833.E-03             2.68358E+03      102.796E-03          3.15193    
              834.E-03             1.66959E+03      107.036E-03          5.32851    
              835.E-03            -1.55849E+03      112.392E-03          5.38406    
              836.E-03            -2.92862E+03      116.655E-03          3.14051    
              837.E-03            -2.78852E+03      118.366E-03        281.943E-03  
              838.E-03            -1.95494E+03      117.462E-03         -2.08979    
              839.E-03             1.70559E+03      115.31E-03          -2.21446    
              840.E-03             2.41562E+03      114.126E-03       -153.857E-03  
              841.E-03             2.83883E+03      115.285E-03          2.47337    
              842.E-03             1.37743E+03      118.813E-03          4.5815     
              843.E-03            -1.94148E+03      123.253E-03          4.29947    
              844.E-03            -2.65157E+03      126.404E-03          2.00295    
              845.E-03            -3.18842E+03      126.947E-03       -917.043E-03  
              846.E-03            -1.29494E+03      124.91E-03          -3.15872    
              847.E-03             1.56951E+03      121.819E-03         -3.02144    
              848.E-03             2.67807E+03      119.86E-03        -897.649E-03  
              849.E-03             2.6428E+03       120.292E-03          1.76279    
              850.E-03             1.25323E+03      123.029E-03          3.7108     
              851.E-03            -2.31422E+03      126.475E-03          3.18031    
              852.E-03            -2.47151E+03      128.459E-03        787.441E-03  
              853.E-03            -3.36058E+03      127.788E-03         -2.1286     
              854.E-03          -897.409            124.595E-03         -4.2576     
              855.E-03             1.78904E+03      120.56E-03          -3.81178    
              856.E-03             2.47637E+03      117.815E-03         -1.67908    
              857.E-03             3.00902E+03      117.507E-03          1.06361    
              858.E-03           472.648            119.441E-03          2.80445    
              859.E-03            -1.98267E+03      121.868E-03          2.04944    
              860.E-03            -2.89954E+03      122.697E-03       -391.669E-03  
              861.E-03            -3.02517E+03      120.824E-03         -3.35402    
              862.E-03          -769.257            116.522E-03         -5.25123    
              863.E-03             2.07088E+03      111.596E-03         -4.60042    
              864.E-03             2.39287E+03      108.111E-03         -2.36855    
              865.E-03             3.10734E+03      107.118E-03        381.553E-03  
              866.E-03            42.1884           108.287E-03          1.95632    
              867.E-03            -2.03819E+03      109.744E-03        958.319E-03  
              868.E-03            -2.8456E+03       109.481E-03         -1.48357    
              869.E-03            -3.19663E+03      106.487E-03         -4.50469    
              870.E-03           -31.4817           101.175E-03         -6.11875    
              871.E-03             1.70619E+03       95.4754E-03        -5.28139    
              872.E-03             2.92879E+03       91.3528E-03        -2.9639     
              873.E-03             2.67055E+03       89.7887E-03      -164.229E-03  
              874.E-03           -32.6612            90.2839E-03         1.15472    
              875.E-03            -2.20582E+03       90.879E-03         35.4788E-03 
              876.E-03            -2.86226E+03       89.6475E-03        -2.49856    
              877.E-03            -3.0797E+03        85.6634E-03        -5.46954    
              878.E-03           336.057             79.508E-03         -6.84136    
              879.E-03             1.76405E+03       73.1917E-03        -5.79131    
              880.E-03             3.01538E+03       68.5952E-03        -3.40159    
              881.E-03             2.67417E+03       66.616E-03       -556.821E-03  
              882.E-03          -568.949             66.5855E-03       495.787E-03  
              883.E-03            -1.8696E+03        66.4716E-03      -723.489E-03  
              884.E-03            -3.34507E+03       64.4445E-03        -3.33082    
              885.E-03            -2.51259E+03       59.6493E-03        -6.25965    
              886.E-03           401.873             52.8619E-03        -7.31501    
              887.E-03             1.93566E+03       46.1313E-03        -6.14624    
              888.E-03             3.18533E+03       41.2653E-03        -3.58574    
              889.E-03             2.38149E+03       39.0713E-03      -802.33E-03   
              890.E-03          -680.228             38.6943E-03        48.3028E-03 
              891.E-03            -1.99169E+03       38.0746E-03        -1.28766    
              892.E-03            -3.35165E+03       35.4511E-03        -3.95933    
              893.E-03            -2.33155E+03       30.071E-03         -6.80093    
              894.E-03           811.191             22.8899E-03        -7.56111    
              895.E-03             1.8041E+03        15.9827E-03        -6.25346    
              896.E-03             3.60077E+03       11.0804E-03        -3.55103    
              897.E-03             1.87128E+03        8.8974E-03      -815.001E-03  
              898.E-03          -669.531              8.38283E-03     -214.124E-03  
              899.E-03            -2.07294E+03        7.48309E-03       -1.58536    
              900.E-03            -3.55528E+03        4.49068E-03       -4.39947    
              901.E-03            -1.72827E+03       -1.22967E-03       -7.04124    
              902.E-03           655.159             -8.53919E-03       -7.5778     
              903.E-03             2.30426E+03      -15.3771E-03        -6.09809    
              904.E-03             3.3714E+03       -20.0563E-03        -3.26026    
              905.E-03             1.89386E+03      -22.0002E-03      -627.629E-03  
              906.E-03            -1.07187E+03      -22.4224E-03      -216.633E-03  
              907.E-03            -1.85326E+03      -23.3703E-03        -1.6792     
              908.E-03            -3.92414E+03      -26.4938E-03        -4.5679     
              909.E-03            -1.02275E+03      -32.2985E-03        -7.04134    
              910.E-03           494.249            -39.4719E-03        -7.3056     
              911.E-03             2.67296E+03      -45.9857E-03        -5.72199    
              912.E-03             3.40211E+03      -50.1889E-03        -2.68446    
              913.E-03             1.44355E+03      -51.662E-03       -261.625E-03  
              914.E-03          -833.583            -51.7711E-03        43.3607E-03 
              915.E-03            -2.38328E+03      -52.532E-03         -1.56507    
              916.E-03            -3.48259E+03      -55.5635E-03        -4.49801    
              917.E-03            -1.04776E+03      -61.1941E-03        -6.76319    
              918.E-03           931.285            -67.9864E-03        -6.82142    
              919.E-03             2.5872E+03       -73.9282E-03        -5.06218    
              920.E-03             3.69427E+03      -77.42E-03          -1.92145    
              921.E-03           829.537            -78.2105E-03       340.452E-03  
              922.E-03          -539.951            -77.7977E-03       485.245E-03  
              923.E-03            -2.86686E+03      -78.1642E-03        -1.21816    
              924.E-03            -3.17285E+03      -80.8922E-03        -4.23801    
              925.E-03          -789.511            -86.1208E-03        -6.21919    
              926.E-03           928.031            -92.3054E-03        -6.14993    
              927.E-03             3.04762E+03      -97.4614E-03        -4.16211    
              928.E-03             3.32749E+03     -100.03E-03        -974.547E-03  
              929.E-03           829.748            -99.965E-03          1.10407    
              930.E-03          -769.722            -98.8459E-03         1.13409    
              931.E-03            -2.98174E+03      -98.6497E-03      -741.646E-03  
              932.E-03            -3.02973E+03     -100.894E-03         -3.74738    
              933.E-03          -512.614           -105.527E-03         -5.51855    
              934.E-03             1.00754E+03     -110.922E-03         -5.27109    
              935.E-03             3.32548E+03     -115.11E-03          -3.10459    
              936.E-03             3.14868E+03     -116.596E-03        132.494E-03  
              937.E-03           556.625           -115.537E-03          1.98515    
              938.E-03          -667.205           -113.58E-03           1.92986    
              939.E-03            -3.49898E+03     -112.691E-03       -153.232E-03  
              940.E-03            -2.41164E+03     -114.322E-03         -3.10854    
              941.E-03          -700.583           -118.209E-03         -4.66465    
              942.E-03             1.4524E+03      -122.685E-03         -4.28874    
              943.E-03             3.36441E+03     -125.77E-03          -1.88034    
              944.E-03             2.95743E+03     -126.07E-03           1.28058    
              945.E-03           469.332           -123.933E-03          2.99396    
              946.E-03          -925.179           -121.053E-03          2.76603    
              947.E-03            -3.55019E+03     -119.405E-03        528.35E-03   
              948.E-03            -2.28186E+03     -120.335E-03         -2.38768    
              949.E-03          -393.37            -123.392E-03         -3.72529    
              950.E-03             1.38545E+03     -126.869E-03         -3.22925    
              951.E-03             3.88544E+03     -128.78E-03        -593.808E-03  
              952.E-03             2.22835E+03     -127.846E-03          2.46308    
              953.E-03           873.437           -124.607E-03          4.01398    
              954.E-03            -1.61547E+03     -120.779E-03          3.64296    
              955.E-03            -3.30388E+03     -118.366E-03          1.18329    
              956.E-03            -2.22763E+03     -118.565E-03         -1.58247    
              957.E-03          -246.662           -120.766E-03         -2.81962    
              958.E-03             1.67649E+03     -123.228E-03         -2.10471    
              959.E-03             3.85081E+03     -123.951E-03        658.941E-03  
              960.E-03             2.08829E+03     -121.808E-03          3.62849    
              961.E-03           649.804           -117.495E-03          4.99753    
              962.E-03            -1.72021E+03     -112.765E-03          4.46233    
              963.E-03            -3.5913E+03      -109.63E-03           1.80657    
              964.E-03            -1.65858E+03     -109.136E-03       -818.37E-03   
              965.E-03          -586.132           -110.516E-03         -1.94073    
              966.E-03             2.38173E+03     -112.007E-03         -1.04293    
              967.E-03             3.45953E+03     -111.59E-03           1.8777     
              968.E-03             2.10083E+03     -108.322E-03          4.65788    
              969.E-03           455.975           -103.025E-03          5.93628    
              970.E-03            -2.08528E+03      -97.4962E-03         5.12163    
              971.E-03            -3.4158E+03       -93.7498E-03         2.37109    
              972.E-03            -1.65575E+03      -92.6467E-03      -164.69E-03   
              973.E-03          -330.122            -93.3078E-03        -1.15763    
              974.E-03             2.51142E+03      -93.9201E-03       -66.9785E-03 
              975.E-03             3.52147E+03      -92.4789E-03         2.94946    
              976.E-03             1.70443E+03      -88.2229E-03         5.56241    
              977.E-03           577.753            -82.09E-03           6.7035     
              978.E-03            -2.71313E+03      -75.9203E-03         5.63582    
              979.E-03            -3.02687E+03      -71.7195E-03         2.76582    
              980.E-03            -1.75122E+03      -70.1482E-03       376.77E-03   
              981.E-03          -123.161            -70.24E-03        -560.421E-03  
              982.E-03             2.84792E+03      -70.1193E-03       801.96E-03   
              983.E-03             3.15971E+03      -67.8154E-03         3.80578    
              984.E-03             1.82448E+03      -62.7636E-03         6.29787    
              985.E-03           113.801            -55.9811E-03         7.26701    
              986.E-03            -2.79468E+03      -49.3843E-03         5.92658    
              987.E-03            -3.05386E+03      -44.9199E-03         3.00231    
              988.E-03            -1.55645E+03      -43.0702E-03       697.151E-03  
              989.E-03           -71.3494           -42.78E-03        -116.749E-03  
              990.E-03             3.21358E+03      -42.1112E-03         1.45437    
              991.E-03             2.80855E+03      -39.1513E-03         4.46543    
              992.E-03             1.83005E+03      -33.5262E-03         6.78473    
              993.E-03          -161.791            -26.3244E-03         7.61886    
              994.E-03            -3.1768E+03       -19.5402E-03         5.94957    
              995.E-03            -2.62091E+03      -15.04E-03           3.05071    
              996.E-03            -1.92171E+03      -13.125E-03        779.406E-03  
              997.E-03           603.467            -12.6751E-03       120.286E-03  
              998.E-03             2.96235E+03      -11.6634E-03         1.90319    
              999.E-03             2.92464E+03       -8.28844E-03        4.84669    
                1.                 1.51891E+03       -2.33086E-03        7.06846    




